1 0.9023439801824225 0.5751961175637348 0.8967601556380487 0.6298738963723167 0.9436241684961715 0.6638728133644918 0.9658422025131586 0.6799911886899963 0.9315389113346555 0.7272755583189792 0.8698111855860589 0.6825017951353516 0.862023051146025 0.6812894246926362 0.8571966377344324 0.6805377806496722 0.7875045609116569 0.711997896535081 0.7821770514715354 0.700196508351496 0.7637723454167826 0.6594251055194604 0.8421701647525879 0.6240343975116502 0.8480429845769777 0.5693630265806746 0.9023439801824225 0.5751961175637348
1 0.5918720576562464 0.33894151502465775 0.5859793734116465 0.3960658215025319 0.6561744686264319 0.4472762977395064 0.6226016754949342 0.4932951115416131 0.5588971195052181 0.4468194160663188 0.5559764088932297 0.4468674751483377 0.546565159056172 0.4470225457863535 0.4776977760807313 0.4786044113462822 0.4538553450911422 0.4266134556171437 0.5334847585027092 0.3900962427264858 0.5393537336003646 0.3334961006366939 0.5918720576562464 0.33894151502465775
0 0.23401964733739078 0.8009930638527862 0.18978991296239656 0.8666187015480773 0.12336072741550197 0.8621588187356224 0.0631055319402094 0.8581135256040966 0.02708749271482702 0.787331468800744 0.058018317910182304 0.7715917990416301 0.1975831737045155 0.7808031230975985 0.2047664044987414 0.7812773060402947 0.23401964733739078 0.8009930638527862
1 0.12336072741550197 0.8621588187356224 0.1198927840559918 0.9154653117369094 0.06246346260422797 0.9117295190936829 0.05876483565111812 0.9136896888527986 0.05140859216157878 0.9175888823749574 0.02617437015624091 0.957139584523361 0.0009420705143838859 0.9410404328306754 1.1250654097239021e-07 0.9404393739114312 1.1250654097239021e-07 0.8946839238788016 0.00830344030600827 0.881669524464769 0.004454869017081364 0.87394418722522 1.1250654097239021e-07 0.8650007124530248 1.1250654097239021e-07 0.8011154543150383 0.01644657116548842 0.7927461253761976 0.02708749271482702 0.787331468800744 0.0631055319402094 0.8581135256040966 0.12336072741550197 0.8621588187356224
1 0.6199039590235316 0.21200722677599515 0.6419579513737972 0.26024444780460954 0.5979127638738646 0.2803818439634824 0.5918720576562464 0.33894151502465775 0.5393537336003646 0.3334961006366939 0.5449830540756011 0.2792098431497152 0.5413555545637792 0.27371380652857624 0.5391820024806293 0.2704207982278035 0.4787134246810183 0.2254407013853097 0.5117441113673067 0.18103603195174856 0.5131711457097481 0.17911815418483457 0.5812010190820729 0.229723085988212 0.6199039590235316 0.21200722677599515
1 0.6419579513737972 0.26024444780460954 0.6199039590235316 0.21200722677599515 0.6544443416732975 0.19619642957547967 0.6616429513737785 0.19290149891139663 0.6624682860092435 0.18483334021999553 0.6697681401758473 0.11344830213408841 0.7117378161199213 0.11774029855331491 0.7244010638412419 0.11903533061712324 0.7154319575586214 0.19225686642437267 0.7212913208400096 0.20440556157416268 0.7834208205144932 0.24865772352075055 0.7487131922591743 0.2950302521666117 0.6793773934309684 0.2431360553892432 0.6419579513737972 0.26024444780460954
1 0.3128038616928279 0.5842722354022953 0.34181809069673363 0.6437309316913797 0.3018624106837251 0.7044154549660675 0.2727161794011863 0.6852251431171226 0.27128722269549144 0.6842844666848578 0.2094761945377286 0.5582645825702457 0.20687587780616923 0.5529633454283385 0.20690791719403023 0.5524865993345429 0.20827407669935383 0.5321415879413394 0.20898406953779158 0.5215628228046398 0.28468353161474624 0.5266455513202573 0.3128038616928279 0.5842722354022953
1 0.3641091745182621 0.5591463065285893 0.3128038616928279 0.5842722354022953 0.28468353161474624 0.5266455513202573 0.20898406953779158 0.5215628228046398 0.2130883151432954 0.46044064148952657 0.2760348192123274 0.4646666367694934 0.2895926066471475 0.46557719617703697 0.3183767928451289 0.42006973100774303 0.36476790433607675 0.4512607160338007 0.3369948812239727 0.4925697397968065 0.3372710607486624 0.49922624305202135 0.3375023851303922 0.5048158346861555 0.3641091745182621 0.5591463065285893
1 0.8845320028060542 0.9413153307798439 0.8573978450913273 0.954196446339779 0.8301778218165055 0.9671185723163376 0.8039036012760334 0.9117724518736168 0.7490560137109696 0.9070556131691774 0.7284758332098136 0.9052857573749407 0.731008867226592 0.8758377150572301 0.7335624064519379 0.8461500181171004 0.8064244603256157 0.8524162816262333 0.8089895337304824 0.8526367126157766 0.8468472746160387 0.7966786398619092 0.8961155231511384 0.8300111375832557 0.8582584230534849 0.8859692103371799 0.8845320028060542 0.9413153307798439
1 0.9917197754298286 0.9999999554543706 0.8791423369532367 0.9999999554543706 0.8573978450913273 0.954196446339779 0.8845320028060542 0.9413153307798439 0.9121704604883689 0.9281945605976034 0.94480385876318 0.9969357083840578 0.9917197754298286 0.9999999554543706
1 1 0.3452981296080111 1 0.47915933354681783 0.9964090602604756 0.47655389051294605 0.954173457395882 0.4951181527200106 0.9321553491602117 0.4450245695494459 0.9790456343164351 0.4231749884947362 0.9868356911199498 0.34400245675647056 1 0.3452981296080111
0 0.2786582043033832 0.26946666525253704 0.25705276338544536 0.2996817305194668 0.24890899173828984 0.29385825135278765 0.24312203747399508 0.3019507599790927 0.1894554217512905 0.37700366720565626 0.1411970547267174 0.44449335649602517 0.13912346553388488 0.4473935618996734 0.11872142403012731 0.4328047469582543 0.10105041996098407 0.4201696938984014 0.09907166735683859 0.4229378970233597 0.06715210664719962 0.4001136777851002 0.06991069795572002 0.3962561354674108 0.03387343509780294 0.37048749646999113 0.062254565794319205 0.33079582101424876 0.14357181416676212 0.21707329480983617 0.13479878893895147 0.21079998263530797 0.14297267761071453 0.19936832898952161 0.16438588220057682 0.16942239458194308 0.2873325482162272 0.2573352713723125 0.2786582043033832 0.26946666525253704
1 0.6702461678451073 3.309105522930622e-08 0.6445922298569258 0.03657491688011305 0.5935291348048395 0.0007587257994146057 0.5940616294337815 3.309105522930622e-08 0.6702461678451073 3.309105522930622e-08
1 0.9153737585027102 0.06684701225776735 0.8620730325912973 0.0924131623228277 0.8297689992252799 0.02506572791526196 0.7535466543361053 0.018579033416585844 0.7551281185287735 3.309105522930622e-08 0.8833100205470146 3.309105522930622e-08 0.9153737585027102 0.06684701225776735
1 0.1198927840559918 0.9154653117369094 0.12336072741550197 0.8621588187356224 0.18978991296239656 0.8666187015480773 0.23401964733739078 0.8009930638527862 0.27341784199870744 0.8275466678567227 0.2834788506249879 0.834327483937443 0.23855001680340138 0.8999319756366617 0.2743860723048783 0.9708697438658191 0.22605721862646533 0.9952843983254525 0.18797135729823822 0.9198937959491786 0.18661801354824092 0.9198060080259438 0.1198927840559918 0.9154653117369094
1 0.7335624064519379 0.8461500181171004 0.731008867226592 0.8758377150572301 0.6557406553124565 0.8693651178892878 0.6233539603256304 0.9179919378761952 0.5738165809311795 0.8849990576678692 0.6062032759180056 0.8363715968931729 0.5733552137435254 0.7680911755064699 0.6279907005600762 0.7418079839374059 0.6585338491602215 0.8052959536639719 0.6608387627345564 0.8100877645364335 0.7178432419011642 0.8149904316913421 0.7361069746484645 0.816561002492108 0.7335624064519379 0.8461500181171004
1 0.5292126265039769 0.9999999554543706 0.4871487547591187 0.9999999554543706 0.5003047682682791 0.980498220753816 0.5292126265039769 0.9999999554543706
1 0.3018624106837251 0.7044154549660675 0.34181809069673363 0.6437309316913797 0.3128038616928279 0.5842722354022953 0.3641091745182621 0.5591463065285893 0.3900418551822895 0.6121003662616431 0.3964503735742255 0.6157310697121829 0.4007641567773135 0.6181750342303758 0.43980735501963863 0.6207567681171327 0.4757837430404379 0.6231360130715302 0.4722363419987232 0.6767846867369371 0.4500086961654688 0.6753147196145051 0.3912920321029105 0.6714315457863904 0.38581457832697197 0.6797854958189191 0.34922111169271375 0.7355968281757441 0.3018624106837251 0.7044154549660675
1 0.008197710325475782 3.309105522930622e-08 0.000490955931127246 0.07450314441916817 1.1250654097239021e-07 0.07445252218610676 1.1250654097239021e-07 3.309105522930622e-08 0.008197710325475782 3.309105522930622e-08
1 0.9321553491602117 0.4450245695494459 0.954173457395882 0.4951181527200106 0.9158030863022759 0.5119836865741263 0.9091869526757819 0.5202415184426172 0.9077759380274983 0.522003043996051 0.9023439801824225 0.5751961175637348 0.8480429845769777 0.5693630265806746 0.8542675968815274 0.5114204341327877 0.7926039499088802 0.4667517601418467 0.8271706048567466 0.4190342179869049 0.8901004484441728 0.46462050005072797 0.9321553491602117 0.4450245695494459
