1 0.7180494979231753 0.19024599679551102 0.721163085651142 0.19249195789575424 0.7062923240951022 0.2131067409361549 0.6626431434310689 0.18161971196479954 0.643447064492193 0.20822970529161466 0.6870443413477005 0.23967956857285344 0.6042827573633076 0.3544068499855939 0.4939788338606377 0.507314829315078 0.49314709134773693 0.5084676064960263 0.43196916149736353 0.46433591264838014 0.4033400459375116 0.4436833231301307 0.41002858858087166 0.43441176502466305 0.43227738041014163 0.4035693685402748 0.5076737498764032 0.2990517585142243 0.5298526958399634 0.2683067617694519 0.5972372959377026 0.17489528520695785 0.6006251408268781 0.17733924972520754 0.6346919813217937 0.13011383257025955 0.6688869793686081 0.15478159819525672 0.7180494979231753 0.19024599679551102
0 0.6443025161524929 0.9999998778176291 0.28373316572924523 0.9999998778176291 0.28530629968099674 0.9827646094257148 0.29685778063822 0.8561827544452854 0.3444554954819523 0.7888000767109133 0.3464355296614485 0.7902437715350743 0.37316663187516497 0.7521008800962932 0.40898666768225667 0.6928818384296278 0.4283628079817845 0.6624815854999042 0.4534400369857394 0.6231359354347887 0.5520175444726192 0.6918187715350541 0.7578231942122784 0.8352116934100877 0.7591041289454097 0.8361043107603336 0.6443025161524929 0.9999998778176291
1 0.2888774098698832 0 0.3434443323958476 0 0.3369557155340317 0.0634481963397775 0.28295396781254567 0.05792588742053795 0.287832285032664 0.01022052023301967 0.2888774098698832 0
1 3.4869799492298625e-08 0.46438012700383524 3.4869799492298625e-08 0.40485350721218083 0.034331520709656616 0.4071782852069532 0.06475612357439786 0.3611152570493914 0.11404487731783775 0.39367176079292676 0.0836202744530965 0.4397341481626995 0.11771723197261963 0.5078037503762403 0.06441650606120675 0.5345028132017546 0.03031890775400825 0.4664332109882139 3.4869799492298625e-08 0.46438012700383524
1 0.16283637975925558 0.14055546912624095 0.13684410583346107 0.15270672742701663 0.10941005944664539 0.16553145366401623 0.0768234386785025 0.095823997934815 0.014062122272207489 0.09172551941924212 0.015953086953231832 0.0627721652525679 0.01787480944676645 0.03333757947780214 0.08063612585283408 0.03743605799343186 0.1058479202865783 0 0.14775608060563172 0 0.16853746846368267 0.013995400929616153 0.1302497589908853 0.07084865418482877 0.16283637975925558 0.14055546912624095
1 0.13684410583346107 0.15270672742701663 0.16283637975925558 0.14055546912624095 0.19065682116547578 0.12755004074085718 0.21996837569031413 0.19025176388538512 0.2219009915756942 0.1943854857278211 0.29845462373714327 0.19789123556506638 0.2957537033269091 0.2568751081236087 0.21920007116546003 0.2533693582863634 0.18958478324225325 0.2981162083840445 0.18821349743507199 0.30018787521350987 0.13710234330073945 0.26636068934107016 0.13787897806651017 0.2651867661639926 0.16808827624345213 0.21954217241398055 0.14620985973965617 0.17274159754424545 0.13684410583346107 0.15270672742701663
1 0.01787480944676645 0.03333757947780214 0.015953086953231832 0.0627721652525679 3.4869799492298625e-08 0.0617302443540666 3.4869799492298625e-08 0.0005407803241723741 0.019931738157538348 0.001842220265530159 0.01787480944676645 0.03333757947780214
0 0.999999957233058 0.1078099329934048 0.9787783481835959 0.09290841362496849 0.9873463213282321 0.08070653309107456 0.9963564380273056 0.06787475818873645 0.9406745447981848 0.028777092986899788 0.9608811460352626 0 0.999999957233058 0 0.999999957233058 0.1078099329934048
0 0.999999957233058 0.18642113465358534 0.999999957233058 0.31946341183459026 0.9847620242903758 0.30877058647649847 0.9423207285547051 0.2789893345233736 0.8587639269596821 0.22035725444527543 0.8566179287499835 0.21885140320830487 0.8578033861067524 0.21716228667185078 0.919172911497526 0.12970436919135864 0.999999957233058 0.18642113465358534
1 0.6931311842838568 0.5904685754087495 0.6831996147852806 0.60477223979683 0.6706529904363379 0.6228424546405904 0.6673535742579588 0.6275945366718361 0.5734724002670646 0.5624116833189419 0.5137580296616306 0.520950792856695 0.6006411605208086 0.3958158366392581 0.6748962869858133 0.2888683594256918 0.6687357534572129 0.28459110112493136 0.7178418826888446 0.21386543364445743 0.7337987794987839 0.22494401323433522 0.7871232145573686 0.26196873003118526 0.8345620140364645 0.2949065024921538 0.8775979608140005 0.32478707654809114 0.695823133665499 0.586591168670509 0.6931311842838568 0.5904685754087495
1 0.7180494979231753 0.19024599679551102 0.6688869793686081 0.15478159819525672 0.6346919813217937 0.13011383257025955 0.7300296658920615 0 0.8516518236069714 0 0.8470836476628847 0.006504592010344368 0.8320789614649584 0.027870378305919985 0.7519446072983555 0.14198058110537204 0.7458750656314805 0.15062352641791676 0.7288025573307095 0.17493437326038475 0.7180494979231753 0.19024599679551102
1 0.40846122171888055 0.6177238420103777 0.3058563631575453 0.7606380954283054 0.2362065783268008 0.7106329409687078 0.3388114368881361 0.5677193283385122 0.40846122171888055 0.6177238420103777
1 0.999999957233058 0.827526085011641 0.9636967674546213 0.8018426707864137 0.999999957233058 0.7517567770689766 0.999999957233058 0.827526085011641
1 0.999999957233058 0.3973210470884396 0.999999957233058 0.48820333436060537 0.8266495667708114 0.7378741102395452 0.8264989816470916 0.7380913372902569 0.7851015291732892 0.7093488022968018 0.7089829919011663 0.6564985501809133 0.692587155475394 0.6451143148293568 0.6781912176497826 0.6351193073423929 0.6673535742579588 0.6275945366718361 0.6706529904363379 0.6228424546405904 0.6831996147852806 0.60477223979683 0.6931311842838568 0.5904685754087495 0.7050286906314795 0.598728970428283 0.7153075670964881 0.6058660645038572 0.7169729744857705 0.6034669551288516 0.7224472243228774 0.5955833433124553 0.7364433105860826 0.6053008896991514 0.7468131789128165 0.6125007809752105 0.9195791709375953 0.36367200021345525 0.9483806584050853 0.3836690638528353 0.9764612596420648 0.403165672251248 0.9868554779036458 0.3881949478046067 0.9904496564518013 0.39069017534370687 0.999999957233058 0.3973210470884396
