1 0.0026425659571032156 0.2925407917173857 0 0.2962112240090846 0 0.29063829285667 0.0026425659571032156 0.2925407917173857
0 0.21553853226578212 0.6752634565937115 0.2765056429427659 0.5879529202981075 0.28209203063806854 0.5799533258970655 0.30009688513018773 0.5541686672056585 0.3363238211654789 0.5794656864113676 0.3185317082097754 0.6049453301288281 0.35968950606138606 0.6336853019712976 0.34943690189470544 0.6483683127135009 0.29292390694013193 0.729299806854101 0.21553853226578212 0.6752634565937115
1 0.014062044635466009 0.24306492794784162 0 0.2329398405454981 0 3.309105522930622e-08 0.018034287962336748 3.309105522930622e-08 0.13186318493490035 0.08195806922390148 0.11297212097019838 0.10819512407414322 0.10813161022792883 0.10470987944523813 0.08535801322273073 0.1363391632994535 0.08852478633480132 0.13861908615098173 0.05486997236994284 0.1853613493345847 0.05056900492195382 0.18226442208845128 0.027059783567892737 0.21491576242050314 0.031847749713506346 0.21836320057155945 0.014062044635466009 0.24306492794784162
0 0.10978227949885877 0.9890815728045936 0.10211589473306049 0.9999999554543706 0.06321110664725893 0.9999999554543706 0.05161412975917301 0.9918568245949473 0.045896380572912676 0.9999999554543706 0 0.9999999554543706 0 0.9442879452004718 0.016744382200613472 0.9204410286965867 0.11134067533203051 0.9868625247902969 0.10978227949885877 0.9890815728045936
1 0.014062044635466009 0.24306492794784162 0.030002280963572048 0.2545420775246612 0.0026425659571032156 0.2925407917173857 0 0.29063829285667 0 0.2329398405454981 0.014062044635466009 0.24306492794784162
0 0.605517477740932 0.11831059966004887 0.61604177591812 0.12565915369657432 0.6273420680729487 0.1335504549660982 0.6828836287827471 0.1723341341653395 0.6126994269598072 0.272844257537713 0.6106976059961653 0.2714460586444716 0.6020476120183957 0.2838337676288347 0.5668664416082265 0.3342163460793586 0.5452680493556272 0.36514781206244606 0.46903032555997015 0.3119130872902929 0.46729507230475065 0.31439870301295514 0.31356047676445087 0.20704881108588324 0.45091012927082375 0.010351318572816126 0.49411780716809517 0.04052281027207982 0.5371396566147268 0.07056422205596391 0.5813296621486188 0.1014213566587614 0.6036771352930828 0.11702582020046748 0.605517477740932 0.11831059966004887
0 0.1253316352931506 0.9999999554543706 0.10211589473306049 0.9999999554543706 0.10978227949885877 0.9890815728045936 0.1253316352931506 0.9999999554543706
0 0.06321110664725893 0.9999999554543706 0.045896380572912676 0.9999999554543706 0.05161412975917301 0.9918568245949473 0.06321110664725893 0.9999999554543706
1 1 0.5704068698423725 1 0.6074879759621581 0.8508930532618706 0.8215213405454733 0.6936245132228578 0.7119600900572323 0.7534273125390882 0.6261169577330179 0.8138177142318455 0.53943118950383 0.860123600950601 0.47296163432804406 1 0.5704068698423725
1 0.4598292541081719 0.6668294080910755 0.43754521895198195 0.6981306086119048 0.4285671416407695 0.6917387507017452 0.3912431769597333 0.7441673644713092 0.3998931709375029 0.750325334848867 0.3745589860418477 0.7859114831236411 0.3364481339908707 0.7587805293475753 0.42138903714840126 0.6394639259947326 0.4598292541081719 0.6668294080910755
0 0.31356047676445087 0.20704881108588324 0.46729507230475065 0.31439870301295514 0.46903032555997015 0.3119130872902929 0.5452680493556272 0.36514781206244606 0.5492499044987653 0.3679288309426738 0.4710244570703708 0.47995519194523695 0.40798824271496414 0.570228090057185 0.36567446374351675 0.540681366424451 0.31770188805990074 0.5071829046730727 0.19748754105467015 0.4232397080585315 0.20650598799488762 0.41032527153510046 0.2520576675196935 0.34509115516141264 0.2267805127344218 0.3274406563007233 0.2242590128971642 0.32567977153507854 0.22493888871099443 0.32470641492705 0.3092152949609499 0.20401468104029163 0.31356047676445087 0.20704881108588324
1 0.6860465571680834 0.0031411746926437445 0.6815539941796942 3.309105522930622e-08 0.6882431776107296 3.309105522930622e-08 0.6860465571680834 0.0031411746926437445
0 1 0.5704068698423725 0.860123600950601 0.47296163432804406 1 0.27217783826688446 1 0.5704068698423725
1 0.7185191177150045 0.4660571462095504 0.6780482443425626 0.4318384390155643 0.61586043298189 0.3792579585468161 0.6161564769272445 0.3725181528827761 0.5668664416082265 0.3342163460793586 0.6020476120183957 0.2838337676288347 0.6106976059961653 0.2714460586444716 0.6126994269598072 0.272844257537713 0.6828836287827471 0.1723341341653395 0.6273420680729487 0.1335504549660982 0.61604177591812 0.12565915369657432 0.605517477740932 0.11831059966004887 0.623208987018188 0.09300845415225467 0.6247648197006583 0.09078363904814069 0.6288024233790566 0.08500885975126948 0.6563729575586876 0.045579907277272014 0.6637304826238051 0.03505689067571893 0.6860465571680834 0.0031411746926437445 0.6882431776107296 3.309105522930622e-08 0.9519638659246539 3.309105522930622e-08 1 0.033588845916597165 1 0.06349633305853786 0.7565062977280377 0.41172987830589136 0.7185191177150045 0.4660571462095504
0 0.22709257637370683 0.8283572643736079 0.18765721602221674 0.8845126997577495 0.1767625425195547 0.900026171437446 0.16604536722661578 0.9152871727395109 0.15531409460299983 0.9305680384621837 0.14881522513678647 0.9398222952980859 0 0.8353149378762055 0 0.6688792881366226 0.22709257637370683 0.8283572643736079
0 0.19748754105467015 0.4232397080585315 0.31770188805990074 0.5071829046730727 0.2718714658594763 0.5728162318215482 0.28209203063806854 0.5799533258970655 0.2765056429427659 0.5879529202981075 0.21553853226578212 0.6752634565937115 0.052311947630187206 0.5612858968605678 0.10638738594411734 0.48384541443874696 0.10947149743492446 0.48599910210145936 0.16777997969415992 0.4024954858905403 0.19748754105467015 0.4232397080585315
1 0.8508930532618706 0.8215213405454733 1 0.6074879759621581 1 0.9253975220233315 0.8508930532618706 0.8215213405454733
0 0.5678372350650989 0.6818469100442144 0.5537149136134758 0.7023630117694779 0.5131274168686559 0.7613270199075259 0.5119297845444635 0.76050232605985 0.4724495690495587 0.7333258763528079 0.5273471380598949 0.6535734316913704 0.5678372350650989 0.6818469100442144
0 0.7185191177150045 0.4660571462095504 0.6622637194402614 0.54662018738793 0.5678372350650989 0.6818469100442144 0.5273471380598949 0.6535734316913704 0.44974774027355124 0.5993877778827255 0.40798824271496414 0.570228090057185 0.4710244570703708 0.47995519194523695 0.5492499044987653 0.3679288309426738 0.5452680493556272 0.36514781206244606 0.5668664416082265 0.3342163460793586 0.6161564769272445 0.3725181528827761 0.61586043298189 0.3792579585468161 0.6780482443425626 0.4318384390155643 0.7185191177150045 0.4660571462095504
0 0.3423356919336129 0.9999999554543706 0.2345058499740844 0.9999999554543706 0.22712141182296364 0.99481406010932 0.19337945072265939 0.9711183695168302 0.18824609997409425 0.9675132975767156 0.16640869388675128 0.9986331551614285 0.16544943460939976 0.9999999554543706 0.13229379431004418 0.9999999554543706 0.1265766859114592 0.9714893856301501 0.14881522513678647 0.9398222952980859 0.15531409460299983 0.9305680384621837 0.16604536722661578 0.9152871727395109 0.1767625425195547 0.900026171437446 0.18765721602221674 0.8845126997577495 0.22709257637370683 0.8283572643736079 0.38499870023451876 0.9392487902525772 0.3819562399480674 0.9435817970884841 0.3423356919336129 0.9999999554543706
