0 0.5210853600651717 0.6268287952981382 0.4642776027410491 0.7097492946470538 0.3709821087632008 0.645833278696557 0.3141781961653578 0.6069175972186827 0.30924028568369977 0.6035348786314216 0.35681365059258496 0.5340927090351215 0.366047402220147 0.5206150200702382 0.37510942272797365 0.5268236126809143 0.44122590384768046 0.5721183363137357 0.5210853600651717 0.6268287952981382
1 0.9998915864648552 0.8095897948098241 0.9876980361718779 0.8275696585793639 0.954118835162717 0.8047967023619549 0.9261548572983429 0.7858313070168492 0.9484856699609736 0.7529037871601076 0.949443647662747 0.7514921317239214 0.950923226601617 0.7524956053566711 1 0.7857800439960556 1 0.8094295978697232 0.9998915864648552 0.8095897948098241
0 0.5378759217514926 0.9999998778176291 0.44512958288419213 0.9999998778176291 0.476150118365922 0.9556849186704994 0.5378759217514926 0.9999998778176291
0 0.8111725423568714 0.8333963416848178 0.7872634694401768 0.8170344670103304 0.7791690384506182 0.8114954976093145 0.8066966398503155 0.7712700459491657 0.8194034611394727 0.7799655358579685 0.8387001437565687 0.793170890024669 0.8111725423568714 0.8333963416848178
0 0.06321110664725893 0 0.10211589473306049 0 0.0988068667384141 0.004712949432246205 0.08926874092458092 0.018297009165280542 0.06321110664725893 0
0 0.04873571113944308 0.07395775639838575 0.04608861690121557 0.07772687000510814 0.047047876178567094 0.07840033794133205 0.044370664915504676 0.08221302511583417 0.03906942777348377 0.08976278650902714 0.0176805731184686 0.12022455506371443 0 0.1078099329934048 0 0 0.045896380572912676 0 0.012051893431134886 0.04820001079292524 0.04873571113944308 0.07395775639838575
0 0.9317476528710813 0.8592252147317367 0.9147328154688239 0.8840864982603307 0.8827523799218397 0.8621997515155613 0.8848169980860803 0.8591822819517461 0.8538964254948951 0.8380202661639942 0.8688466447331393 0.8161758114114264 0.9317476528710813 0.8592252147317367
1 0.5048490797917111 0.31801138676945584 0.4496240682358348 0.398621205454333 0.4060626754949226 0.3687777970884554 0.3309540197330989 0.3173218991392446 0.28772327347655846 0.28770468885278433 0.34294764424475943 0.20709487016790717 0.39852444828125044 0.24516983810406145 0.5048490797917111 0.31801138676945584
1 0.6880746504298259 0.3874234393410916 0.6269716927474747 0.3455626973163817 0.5868570973698297 0.3180805918475471 0.6568811022527825 0.21586917697129593 0.6969168807356709 0.15743061479679454 0.7981344337956671 0.226773462290339 0.6880746504298259 0.3874234393410916
0 0.3931194035221779 0.48109892046090863 0.366047402220147 0.5206150200702382 0.35681365059258496 0.5340927090351215 0.30924028568369977 0.6035348786314216 0.30427482132813566 0.6001329364113985 0.2687392952866503 0.6520027832538062 0.2715241588932713 0.6539110492043392 0.19790853861331925 0.7613647487486332 0.1538152920313678 0.731156732147042 0.1147605596095218 0.7044006392108599 0.10655975785175542 0.6987822121275258 0.13502931725929557 0.6572264850767624 0.06390892451827312 0.6085029061379146 0.22846962927087588 0.3682997694191954 0.26705146032554694 0.39473162374861204 0.3931194035221779 0.48109892046090863
0 0.6415637116276685 0.11845277690622424 0.6178026606837648 0.15313669601425772 0.5371806670314072 0.2708173682148072 0.5310118032618902 0.27982171782412024 0.5135131711003851 0.3053647995299116 0.5048490797917111 0.31801138676945584 0.39852444828125044 0.24516983810406145 0.34294764424475943 0.20709487016790717 0.41595707930355275 0.10052481694526705 0.47966227608071677 0.007536260304618736 0.48103035794929383 0.008473732798108813 0.5817743688542123 0.07749170089709878 0.6415637116276685 0.11845277690622424
0 0.28772327347655846 0.28770468885278433 0.3309540197330989 0.3173218991392446 0.4060626754949226 0.3687777970884554 0.3836216473373497 0.4015335858254616 0.3293443608790767 0.3643486720884539 0.3262993374414691 0.3687925352069783 0.2974914420965433 0.3490562721860897 0.25924153910159475 0.3228512567238795 0.2587455693751508 0.3225116392108589 0.2842303393945258 0.2853119873553851 0.2850274793686367 0.2858579385272719 0.28772327347655846 0.28770468885278433
0 0.11856876126967109 0.23957704253120937 0.14781815938158616 0.2601008337095436 0.15428050394530146 0.2646356886900776 0.07759871423195364 0.3739149925637548 0.06050441914726434 0.3619200864765162 0.022674232135614147 0.3353741719257073 0 0.31946341183459026 0 0.18642113465358534 0.010895271523622796 0.19406637342308386 0.017400548867271937 0.19863134542833905 0.05665456628275933 0.22617624809760173 0.0947224855535751 0.2528887674660609 0.10444195430341097 0.2597086716001513 0.11856876126967109 0.23957704253120937
1 0.9476443156315781 0.5708348384296187 0.9851573127018582 0.5978568582863772 0.9858077122787563 0.5969539883319612 0.9880049735093053 0.5984579172056783 1 0.6066670492043613 1 0.7223702503762297 0.9720916502669752 0.7032709303892943 0.9183731307357448 0.6665076549986679 0.8725049020574716 0.6351173849791394 0.8607361940496503 0.6270633236184153 0.81878894567717 0.5983566727395555 0.7659457422266769 0.5621931746926521 0.7535484214258759 0.5537091447447438 0.7797015330795602 0.5154932035012507 0.8016472322983645 0.5306798734230824 0.8634236579166554 0.5734300288593204 0.9191580957422048 0.6119990441587788 0.9397690340560985 0.5822152290546114 0.9476443156315781 0.5708348384296187
0 0.14747277477863463 0.015546748097563068 0.1229382930077918 0.05051069145696374 0.09317434232434607 0.09292763725773057 0.07360852884767155 0.07857463221216676 0.055051956093848275 0.06496173702987562 0.04873571113944308 0.07395775639838575 0.012051893431134886 0.04820001079292524 0.045896380572912676 0 0.06321110664725893 0 0.08926874092458092 0.018297009165280542 0.0988068667384141 0.004712949432246205 0.10211589473306049 0 0.1253316352931506 0 0.14747277477863463 0.015546748097563068
1 0.5767736611719556 0.5498868457538038 0.5501822506901135 0.5887006419777663 0.5481567205795272 0.587313336476484 0.4742021235742868 0.536647529835875 0.41279351013031373 0.4945772502134673 0.3931194035221779 0.48109892046090863 0.41971081400402 0.4422851242369461 0.44978234281256846 0.4628864507343451 0.5065926632878472 0.5018066177265155 0.5767736611719556 0.5498868457538038
0 0.7576552301823085 0.6175687713723619 0.7773857261133799 0.6310720918476136 0.8140977384832695 0.6561960983580093 0.8154203244207565 0.6571008906756788 0.8440513623438619 0.6766948988137074 0.8552459245183854 0.6843561572773069 0.8626886743554678 0.6894497791848266 0.8168140377995314 0.7564857907408395 0.8066966398503155 0.7712700459491657 0.802217533404928 0.7682051580910638 0.7764033984767593 0.7505399211119084 0.7513626943750751 0.7334039748228633 0.7270986250391616 0.7167986007993932 0.6691009248438604 0.6771088477069611 0.6692188297918165 0.6769364757993799 0.7250948817122662 0.5952860177916364 0.7333578398829559 0.600940969777298 0.7576552301823085 0.6175687713723619
0 0.1538152920313678 0.731156732147042 0.10428175736342382 0.8034593783058881 0.04490508190770015 0.8901291268410887 0.005850349485854167 0.8633730339048498 0.054010675983136025 0.7930747718605744 0.1147605596095218 0.7044006392108599 0.1538152920313678 0.731156732147042
0 0.9330394809962854 0.5607296154478263 0.9063782246485061 0.5422800542499431 0.9136210487044991 0.5318134269713255 0.9334335654689312 0.5031836706236277 0.9405354162174717 0.492921454640566 0.967196672565251 0.5113710158384492 0.9714918729232522 0.5143429894712881 0.9490700683984414 0.5467463449400611 0.9447735864648621 0.5437737305194332 0.9330394809962854 0.5607296154478263
0 0.6673188940822001 0.8527603070168652 0.6701601470117566 0.8547050978697257 0.6830252428776475 0.8635095216978925 0.6955263712957276 0.8720646790872024 0.7031331627995314 0.8772704388528041 0.7081409191471266 0.8806980125832524 0.7212033776434055 0.889637001841038 0.7235384082423479 0.8912351265155394 0.6970950197330694 0.929874628468724 0.6953911650782629 0.9323647297056823 0.6895920358465446 0.9408378662616315 0.6780456811914064 0.9329356716002053 0.6708521977930104 0.9280131400246319 0.663806736367178 0.9231918529152949 0.6498100093165249 0.9136127166848382 0.6360446066471468 0.904191855031172 0.6159450169661795 0.8904367049660777 0.6498913893619829 0.8408339652199857 0.6673188940822001 0.8527603070168652
1 0.9770372502018745 0.4391234774270174 0.9847190138737005 0.4284607690937037 1 0.40724941264841164 1 0.4556660542499458 0.9770372502018745 0.4391234774270174
0 0.3167227643621118 0.6648403252460184 0.3348474461654405 0.6772575104673706 0.43808412145835973 0.7479831779478445 0.26543026729177654 0.9999998778176291 0.19990459248697334 0.9999998778176291 0.08728165807951882 0.9228432643736255 0.17581994372403642 0.7936072664895164 0.19790853861331925 0.7613647487486332 0.2715241588932713 0.6539110492043392 0.3073813603907638 0.6784756479999032 0.3167227643621118 0.6648403252460184
1 0.6159450169661795 0.8904367049660777 0.6360446066471468 0.904191855031172 0.6498100093165249 0.9136127166848382 0.663806736367178 0.9231918529152949 0.6708521977930104 0.9280131400246319 0.6579967137436142 0.9467984740090287 0.6534080325911873 0.9535036771340515 0.6403084084049624 0.9726446483254563 0.621588434772093 0.9999998778176291 0.6128000306380272 0.9999998778176291 0.578854939817802 0.9767693991392434 0.49905635843765594 0.9221589030454993 0.5511242086979564 0.8460762498879149 0.5759675501694801 0.8630782715350733 0.6159450169661795 0.8904367049660777
0 0.8066966398503155 0.7712700459491657 0.7791690384506182 0.8114954976093145 0.7533420877671233 0.8492366151223223 0.7402347741276571 0.8402668680520264 0.7322133929428674 0.8347772393085506 0.7237421787501717 0.8289800324400289 0.7066940203842478 0.8173132096861195 0.6897509512109536 0.805718795949133 0.6203632485742219 0.7582351413267361 0.6157463727604409 0.7550754168801177 0.6691009248438604 0.6771088477069611 0.7270986250391616 0.7167986007993932 0.7513626943750751 0.7334039748228633 0.7764033984767593 0.7505399211119084 0.802217533404928 0.7682051580910638 0.8066966398503155 0.7712700459491657
0 0.1539844600001743 0.01633876176947524 0.15553837031916373 0.01742874174993858 0.18519338708347277 0.03823768348172507 0.21210711380877 0.05712362114445568 0.2414475037826378 0.077711491098853 0.2642659559310232 0.09372349565614968 0.2709295078516334 0.09839932394390871 0.15428050394530146 0.2646356886900776 0.14781815938158616 0.2601008337095436 0.11856876126967109 0.23957704253120937 0.11049291312519927 0.23390991557806728 0.07314075378258167 0.20769977381371518 0.032600034544429946 0.17925200119003648 0.03992936494796595 0.1688071606952235 0.07608004723965678 0.11728910633325995 0.09317434232434607 0.09292763725773057 0.1229382930077918 0.05051069145696374 0.14747277477863463 0.015546748097563068 0.1492490384505345 0.01301563644392445 0.1539844600001743 0.01633876176947524
0 1 0.40724941264841164 0.9847190138737005 0.4284607690937037 0.9770372502018745 0.4391234774270174 0.9592605161524261 0.4637995732929312 0.9216116720767786 0.43667759054551425 0.9320392113022535 0.42220347661321966 0.9810453776433405 0.35417744796734496 1 0.3678332759296268 1 0.40724941264841164
0 0.5470936536848967 0.29083942257676654 0.5715679014062971 0.3076062751158588 0.5868570973698297 0.3180805918475471 0.6269716927474747 0.3455626973163817 0.6880746504298259 0.3874234393410916 0.6066869154037704 0.5062229269713043 0.5430304184960733 0.4626128343605842 0.49139253682301387 0.4272362236835079 0.4496240682358348 0.398621205454333 0.5048490797917111 0.31801138676945584 0.5135131711003851 0.3053647995299116 0.5310118032618902 0.27982171782412024 0.5470936536848967 0.29083942257676654
0 0.318870044147161 0.38993660893743254 0.3036673545313988 0.4110967023618741 0.27144662357432026 0.38794760372911696 0.23430592419276763 0.3612632790220687 0.2587526180404893 0.32723744894394713 0.2942529007552821 0.35274336495956504 0.31883095609373413 0.370401553273382 0.309586951862002 0.3832672899270051 0.318870044147161 0.38993660893743254
0 0.4642776027410491 0.7097492946470538 0.43808412145835973 0.7479831779478445 0.3348474461654405 0.6772575104673706 0.3167227643621118 0.6648403252460184 0.2879840740952204 0.6451514805194734 0.3141781961653578 0.6069175972186827 0.3709821087632008 0.645833278696557 0.4642776027410491 0.7097492946470538
0 1 0.6066670492043613 0.9880049735093053 0.5984579172056783 0.9900067944727198 0.5955320802916049 1 0.580929808807241 1 0.6066670492043613
1 0.9727170591211234 0.3524524473163524 0.9236038812241532 0.42393232199083286 0.9227952070705214 0.4251088083189529 0.9218705503321871 0.42447378764836685 0.8872116219467898 0.4006589105324565 0.899114895384173 0.3833345726418429 0.9076399357488754 0.3891920135598639 0.913781886432389 0.3802517427265002 0.905085755735854 0.37427703764836906 0.9364420640040407 0.3286414149270058 0.9480723618555658 0.3296288688658251 0.9577732477605423 0.33629434314968876 0.9619044064518221 0.3450225132343121 0.9727170591211234 0.3524524473163524
1 0.7322133929428674 0.8347772393085506 0.7031331627995314 0.8772704388528041 0.6955263712957276 0.8720646790872024 0.6830252428776475 0.8635095216978925 0.6701601470117566 0.8547050978697257 0.6673188940822001 0.8527603070168652 0.6784615524479705 0.8364785308124283 0.6745187853580319 0.8237556898293406 0.6569092969141366 0.8115788000181965 0.6419590776758923 0.806426866424431 0.6284525532619227 0.8261624886574737 0.5912843000066914 0.8007257777200039 0.6203632485742219 0.7582351413267361 0.6897509512109536 0.805718795949133 0.7066940203842478 0.8173132096861195 0.7237421787501717 0.8289800324400289 0.7322133929428674 0.8347772393085506
0 0.5715679014062971 0.3076062751158588 0.5470936536848967 0.29083942257676654 0.5532625174544137 0.2818350729673966 0.5371806670314072 0.2708173682148072 0.6178026606837648 0.15313669601425772 0.6415637116276685 0.11845277690622424 0.6821198097723027 0.14623733419784912 0.6461825098047029 0.198694142628824 0.5715679014062971 0.3076062751158588
1 0.8111725423568714 0.8333963416848178 0.813381978554844 0.8349086007993947 0.9368624207747871 0.9194099235533031 0.8827478944076574 0.9984869779152632 0.8655209562566597 0.9866984054868908 0.8651685229883697 0.9864574692890073 0.7863926388738491 0.9325479950051658 0.7250545120834886 0.8905725519712746 0.741370890826829 0.8667294801939533 0.7533420877671233 0.8492366151223223 0.7791690384506182 0.8114954976093145 0.7872634694401768 0.8170344670103304 0.8111725423568714 0.8333963416848178
1 1 0.7287037966002003 1 0.7701505897317134 0.9924911286198039 0.7650550454608833 0.9888219779036262 0.7704626533710552 0.9632539054753124 0.7531120431822274 0.965459496946778 0.7498613268736563 0.9861812915430619 0.7193258677265248 1 0.7287037966002003
1 0.6066869154037704 0.5062229269713043 0.5767736611719556 0.5498868457538038 0.5065926632878472 0.5018066177265155 0.44978234281256846 0.4628864507343451 0.41971081400402 0.4422851242369461 0.4496240682358348 0.398621205454333 0.49139253682301387 0.4272362236835079 0.5430304184960733 0.4626128343605842 0.6066869154037704 0.5062229269713043
1 0.9317476528710813 0.8592252147317367 0.8688466447331393 0.8161758114114264 0.8810773607162901 0.7983055223488691 0.8803039298893509 0.7977762316587587 0.8660355088281904 0.7880112669778327 0.8803737757552881 0.7670613519387643 0.9323384591862123 0.8026263542174092 0.9615064772526694 0.8225888153176584 0.9349381351303236 0.8614083786314382 0.9317476528710813 0.8592252147317367
0 0.8655209562566597 0.9866984054868908 0.8653396133204296 0.9869636916197351 0.856418566119828 0.9999998778176291 0.8015882798242728 0.9999998778176291 0.7982222217187882 0.9976962458189291 0.7803525734441337 0.9854674521991456 0.7780040863021895 0.9888988706561577 0.7674253211653195 0.9816592505389963 0.757454022825641 0.9748355016782853 0.7680693128645544 0.9593233115741668 0.7863926388738491 0.9325479950051658 0.8651685229883697 0.9864574692890073 0.8655209562566597 0.9866984054868908
0 0.2345058499740844 0 0.3423356919336129 0 0.32370350622409205 0.026531772674388776 0.3067213489975984 0.05071382117705525 0.3014925208724435 0.047042107309835046 0.26139778991546336 0.018884611541579943 0.2345058499740844 0
0 0.1539844600001743 0.01633876176947524 0.1492490384505345 0.01301563644392445 0.13255459492847876 0.001301395395785221 0.13229379431004418 0 0.16544943460939976 0 0.1539844600001743 0.01633876176947524
1 0.5481567205795272 0.587313336476484 0.5210853600651717 0.6268287952981382 0.44122590384768046 0.5721183363137357 0.37510942272797365 0.5268236126809143 0.366047402220147 0.5206150200702382 0.3931194035221779 0.48109892046090863 0.41279351013031373 0.4945772502134673 0.4742021235742868 0.536647529835875 0.5481567205795272 0.587313336476484
1 0.9858077122787563 0.5969539883319612 0.9779337122786274 0.5915656040546082 0.9476443156315781 0.5708348384296187 0.9458565177801574 0.5695436510923741 1 0.49438693624864527 1 0.5772536094257248 0.9858077122787563 0.5969539883319612
1 0.7899278649479129 0.9999998778176291 0.6540917531315245 0.9999998778176291 0.698700833860812 0.9362068931171166 0.7899278649479129 0.9999998778176291
1 0.8725049020574716 0.6351173849791394 0.8440513623438619 0.6766948988137074 0.8154203244207565 0.6571008906756788 0.817489428098952 0.6540776540221032 0.8288781489650319 0.6374363958840377 0.7955924287500693 0.6146576725767545 0.7711124139389085 0.5979042765806639 0.7576552301823085 0.6175687713723619 0.7333578398829559 0.600940969777298 0.7250948817122662 0.5952860177916364 0.7535484214258759 0.5537091447447438 0.7659457422266769 0.5621931746926521 0.81878894567717 0.5983566727395555 0.8607361940496503 0.6270633236184153 0.8725049020574716 0.6351173849791394
1 0.1147605596095218 0.7044006392108599 0.020088012734504446 0.8417374759621907 0 0.827526085011641 0 0.7517567770689766 0.0094727226953637 0.738687910695262 0.023459837929749483 0.7467413312681401 0.07135551908208981 0.6772293158059028 0.1147605596095218 0.7044006392108599
0 0.9063782246485061 0.5422800542499431 0.9330394809962854 0.5607296154478263 0.9476443156315781 0.5708348384296187 0.9397690340560985 0.5822152290546114 0.9191580957422048 0.6119990441587788 0.8634236579166554 0.5734300288593204 0.8016472322983645 0.5306798734230824 0.7797015330795602 0.5154932035012507 0.8081871121810309 0.474330279347555 0.8678297145575016 0.5156040597837546 0.8863337427148963 0.528408921600203 0.9063782246485061 0.5422800542499431
1 0 0.48820333436060537 0 0.3973210470884396 0.023147133502789075 0.4133926449075034 0.042575818398518095 0.4268825088397534 0 0.48820333436060537
1 0.9858077122787563 0.5969539883319612 0.9851573127018582 0.5978568582863772 0.9476443156315781 0.5708348384296187 0.9779337122786274 0.5915656040546082 0.9858077122787563 0.5969539883319612
1 0.9858077122787563 0.5969539883319612 0.9851573127018582 0.5978568582863772 0.9476443156315781 0.5708348384296187 0.9779337122786274 0.5915656040546082 0.9858077122787563 0.5969539883319612
