1 0.09609648978516816 0.21680793104030727 0.06170156595703702 0.2655968703306826 1.1250654097239021e-07 0.22209955636583345 1.1250654097239021e-07 0.07908534005719048 0.038967057005265815 0.08401492029810242 0.029318715696717845 0.16028404269394514 0.031514054563785976 0.16624144650256767 0.03402209785826926 0.1730478940936564 0.09609648978516816 0.21680793104030727
1 0.8295601024153711 0.32590525119007907 0.8051742834049946 0.338233366912732 0.7779318325585791 0.3520058182473349 0.7435413942448577 0.2839778672382067 0.667931642454505 0.28018184054553785 0.6695445052473588 0.2480463343606516 0.6708991305729342 0.2210640433449953 0.7465088823632868 0.22485942924993196 0.7788033039128095 0.17726619992049564 0.8274634448632696 0.21028407085145773 0.7951696641016497 0.25787730018089405 0.8295601024153711 0.32590525119007907
1 1 0.40485350721218083 1 0.46438012700383524 0.9550808128647077 0.4613389482929051 0.9571550428452156 0.43070801176946816 0.9590927850326807 0.40208402251164443 1 0.40485350721218083
1 0.6708991305729342 0.2210640433449953 0.6695445052473588 0.2480463343606516 0.623547478229284 0.24573757605980973 0.60778730326183 0.2449462031756866 0.5692426378973323 0.3007581763202438 0.5195892759179515 0.2664664193215458 0.5581339412826765 0.21065444617704543 0.5243977472721326 0.14304236642442447 0.5510583628320092 0.1297396125181649 0.5770922879623868 0.11674892225124722 0.610829122760606 0.1843616427916004 0.6725863247461348 0.18746177397650854 0.6709016937240904 0.2210076540220598 0.6708991305729342 0.2210640433449953
1 0.9590927850326807 0.40208402251164443 0.9571550428452156 0.43070801176946816 0.8866927391341051 0.4259373468931926 0.8826948642970365 0.4256669344582633 0.8445263413477733 0.4831994227395171 0.7943930293361063 0.44993933403509345 0.8325615522851422 0.39240684575383966 0.8051742834049946 0.338233366912732 0.8295601024153711 0.32590525119007907 0.8594163265365751 0.31081149549345355 0.8868035954167226 0.36498497433456123 0.9612631331772263 0.3700266924334983 0.9590927850326807 0.40208402251164443
1 1 0.0005407803241723741 1 0.0617302443540666 0.9408245667709707 0.05786629415877087 0.9106915223374017 0.10168656515486418 0.859898198932342 0.06675850591011567 0.890031243365911 0.022937594126233307 0.8791423369532367 0 0.9917197754298286 0 1 0.0005407803241723741
1 0.8384375760483636 0.7144020545754302 0.831877831744805 0.772647739634067 0.894201490110845 0.8157138034360969 0.8633943369532062 0.8603683800962472 0.8605691037175802 0.8644636546731022 0.8604505579819488 0.8643816338397983 0.7972714479558363 0.8207254045103127 0.7565179871810415 0.8384649728697013 0.7338052650131885 0.7862862663267833 0.7773852405989601 0.7668274644062194 0.7837130197331135 0.7084677191262472 0.8384375760483636 0.7144020545754302
1 0.7338052650131885 0.7862862663267833 0.7565179871810415 0.8384649728697013 0.7488189222397068 0.8418162928567199 0.7078738659245118 0.8596398044127227 0.7008815898830107 0.9389167845558859 0.6445038011459019 0.933944912322886 0.651143003131665 0.8586715741066655 0.6474559103580759 0.853164003305892 0.6445557049544277 0.8488316372577174 0.584961802448106 0.8050542990415579 0.6215648808984042 0.7552253612160484 0.6902957760808022 0.8057136696470479 0.7261382394597149 0.7897099953306679 0.7338052650131885 0.7862862663267833
1 0.2900129634181212 0.32632688953640354 0.31196955602877097 0.37469483126812975 0.27135835013677934 0.3911380859882456 0.27065156123717315 0.39254461512234684 0.26603788936199635 0.4017296668801009 0.26081546911473197 0.45365590304550096 0.20565838106131196 0.4463970592954638 0.2122488831771534 0.3963194958189433 0.2128928748763883 0.3899128997902608 0.15285939196610343 0.345016746144438 0.18521725150390012 0.3017488341978378 0.245250734414185 0.34664562863144965 0.25425059850931575 0.3425606066588216 0.2900129634181212 0.32632688953640354
1 0.31196955602877097 0.37469483126812975 0.2900129634181212 0.32632688953640354 0.3380887059311135 0.3045029399921191 0.3465009676497175 0.22546433289573997 0.4008173421616448 0.23124552007027432 0.3924050804428134 0.3102841271665966 0.39297666312495494 0.31071345496604863 0.45907071667329546 0.3603495156756935 0.42470911380860343 0.40610432492053405 0.3580434775781214 0.3560395771991125 0.31196955602877097 0.37469483126812975
1 0.2464682311588149 0.8272223516132158 0.21809094518880556 0.8422257562356208 0.19317134997413632 0.8554009933775433 0.1631703078192004 0.798656674041581 0.08834936576181462 0.7939097183124204 0.09027621455743429 0.7635459902850812 0.09216269372404895 0.7338063895364257 0.16291975980470852 0.7382951077980806 0.1669836357814347 0.7385527044777973 0.19277470235033434 0.6985771600442376 0.20351814994137385 0.6819250085142698 0.25300170316404547 0.7138503363137261 0.21646718900410633 0.7704786730650426 0.2464682311588149 0.8272223516132158
1 0.5138708859440158 0.9999998778176291 0.44664263805998417 0.9999998778176291 0.4373486523829797 0.9801187967629517 0.375995146686364 0.976055561574185 0.3779841518946796 0.9460224800311607 0.3798687086980408 0.9175618916522694 0.4412222143946565 0.9216251268410929 0.4778707887760447 0.8641374937030832 0.49843943509767996 0.8772499336444639 0.5291677713607896 0.8968394562681397 0.5132679046614612 0.9217801974791087 0.49251983776707675 0.9543270894062061 0.5138708859440158 0.9999998778176291
1 0.3798687086980408 0.9175618916522694 0.3779841518946796 0.9460224800311607 0.30160994030597976 0.9409647422381795 0.2700184629297837 0.9878889891457447 0.24628816979816293 0.9719122279153112 0.22139612845717238 0.9551537056171355 0.24202949434243237 0.9245061086119222 0.25298760583336843 0.9082300994973593 0.23993091442707737 0.8835347799986266 0.21809094518880556 0.8422257562356208 0.2464682311588149 0.8272223516132158 0.27072397025403916 0.8143982661640052 0.3039622721746582 0.8772659533384513 0.30562063089860203 0.8804019686379547 0.3819948424870745 0.8854603472186682 0.3798687086980408 0.9175618916522694
1 0.09216269372404895 0.7338063895364257 0.09027621455743429 0.7635459902850812 0.014184590371087324 0.7587189360858702 1.1250654097239021e-07 0.7795349264829952 1.1250654097239021e-07 0.6611955244648016 0.018051744505328315 0.6977614372251537 0.021595300820308694 0.6979863537291067 0.0941433686914479 0.7025891322122106 0.09216269372404895 0.7338063895364257
1 0.8384375760483636 0.7144020545754302 0.7837130197331135 0.7084677191262472 0.789592247434939 0.6542493851418385 0.7446153545313337 0.62259126583848 0.7184692915429878 0.6041878413593054 0.7534838571355067 0.5544428467304101 0.7907956468491193 0.5807061738788661 0.816949399290479 0.599115365447858 0.8262030153387059 0.6022212637225834 0.8986107506902954 0.56960196277862 0.9234399948309147 0.6247180404153028 0.8445340308007871 0.6602644598489178 0.8384375760483636 0.7144020545754302
1 0.5510583628320092 0.1297396125181649 0.5243977472721326 0.14304236642442447 0.49737893135420563 0.15652390011581474 0.4639464707422576 0.08951992794789021 0.45957886136739035 0.08925656417829941 0.3882803296289694 0.08495880066919881 0.3919296159244823 0.024423580942652734 0.4675951162500951 0.028985349009076344 0.4871487547591187 0 0.5292126265039769 0 0.5503342726628944 0.014249152882712224 0.5176252614323857 0.06273564035018353 0.5510583628320092 0.1297396125181649
1 0.26081546911473197 0.45365590304550096 0.25510028307962784 0.5104790392759924 0.32459179333341126 0.5622482824400095 0.290334638873901 0.6082337752785634 0.2217286973047976 0.5571245435077117 0.22084248783221483 0.5564645321145463 0.20730905033201452 0.5627583494973578 0.14583763968767016 0.5913477362161075 0.12271225020185739 0.5416238875832278 0.19771709834640205 0.5067406834816666 0.20565838106131196 0.4463970592954638 0.26081546911473197 0.45365590304550096
