0 1 1 0.9516293747135478 1 0.990790477903829 0.9439001133320062 1 0.9468355620624607 1 1
0 0.44512958288419213 0 0.5378759217514926 0 0.6097620558659855 0.051609564829391275 0.4990198335351579 0.21168731841009958 0.38048755440104287 0.13230268592315042 0.356836718951854 0.11583636284365184 0.3651714453517343 0.10391706971216763 0.36967938724615124 0.10778422384629494 0.44512958288419213 0
1 0.41576740612640606 0.676628179249974 0.27051043265623775 0.8848803566587549 0.19121486966810153 0.8295707611184184 0.33647184313804246 0.6213192244973698 0.41576740612640606 0.676628179249974
0 0.7281847602930611 0.8700115174660823 0.8312663649480783 0.942575605031152 0.8177028104232704 0.9649551175637043 0.8238063138412599 0.9693630965676334 0.802596238971546 1 0.6267486986068889 1 0.6383270926498881 0.9846221755064448 0.6447702135808413 0.9890301545103739 0.6644366307357359 0.961903686248661 0.6600286517318636 0.9581736606952518 0.6569772204168203 0.9564781362811914 0.6668101086004299 0.9429145817564404 0.6722356585678426 0.947661537485601 0.6925806699609893 0.9218916169127169 0.6851212596420737 0.9168050436704789 0.7064832012110855 0.8845920021666416 0.7132646580794244 0.8893395986835344 0.7281847602930611 0.8700115174660823
0 0.04906956156264641 0.6370640205585687 0.0897467685938409 0.6657027479348017 0.083872026406425 0.6741047570494061 0.0815145682356615 0.6774759414569758 0.08513181514331336 0.6800051307473041 0.09673199597023086 0.6881162222186958 0.10706790254562293 0.6953436673684337 0.08468774922539524 0.7273516567889828 0.07700854870449803 0.7219824961445056 0.06768316442708056 0.7154618398944876 0.05903893753907141 0.7094179297382084 0.050849029173150484 0.7211308892108832 0.01763892191411287 0.6979100223488786 0 0.6855767803241406 0 0.6380533968606414 0.00023640791687284946 0.6377150609231421 0 0.6355908494973619 0 0.6263820885923792 0.0060579647201848275 0.6177186380715511 0.015270570351731294 0.6134311271665638 0.02243842223970205 0.6184433690285687 0.045888691119898795 0.6348398462421301 0.04906956156264641 0.6370640205585687
0 0.5213403935938459 0.9615204951678606 0.418411296425802 0.8900085811054055 0.43275725280614097 0.8693598363137198 0.4260168063542551 0.8646769593606223 0.4504045477278851 0.8295752466327713 0.4575403602279948 0.8345323807473051 0.48860831400406823 0.789815647674402 0.4809579489324278 0.78450095398955 0.5052047169988327 0.7496010894061556 0.5125859512108946 0.7547293138528062 0.5273022829167076 0.7335480744322354 0.5373133100977157 0.7405038255715226 0.6302313800847514 0.8050606292824796 0.5214666287827185 0.9616082830910955 0.5213403935938459 0.9615204951678606
0 0.17941027754568495 0.8448118979999322 0.2583841650782688 0.9000740752460388 0.18913999889991828 1 0.1726140825587663 1 0.16677842842454993 0.9959564294126722 0.16397626354819295 1 0.008372490110787112 1 0.06453433337242132 0.9198359697772958 0.1079380923242752 0.8610795768736352 0.1495194508854638 0.8875293732603495 0.17941027754568495 0.8448118979999322
0 0.0035166004622624314 0.7712661235858604 0.0014596717514905322 0.7742342524920787 0 0.7763405218606181 0 0.7688067801614125 0.0011617054428825213 0.769619299041608 0.0035166004622624314 0.7712661235858604
1 0.5213403935938459 0.9615204951678606 0.4946067282292006 1 0.33181139375665225 1 0.3415135612369795 0.9860357533059414 0.34864937373708926 0.9909928874204752 0.3797173275131627 0.946276154347629 0.37206696244152226 0.9409614606627201 0.3963137305079272 0.9060615960793257 0.4036949647202164 0.9111898205259763 0.418411296425802 0.8900085811054055 0.5213403935938459 0.9615204951678606
0 0.9347875500066039 0.3009285482278301 0.9085396017644598 0.3391073237811497 0.9025693822006815 0.33500307817570274 0.8871180669336809 0.32438009868349127 0.8793433890364213 0.33568936186713927 0.8824915793034052 0.33785330213402176 0.8543052480858933 0.3788515438332638 0.8496967025130289 0.3756828483579966 0.8394562733137718 0.39057795984888344 0.862338804238334 0.4063092993670807 0.8356743439519505 0.44509361935411107 0.8353911157619223 0.44550500509626545 0.8178739007553304 0.43346203992700794 0.8148032458072976 0.437928330617126 0.8058117119530834 0.43174665109233956 0.7714738182357905 0.4081387484230845 0.7751372018619804 0.40281059819528764 0.7570452002344155 0.39037226697780625 0.7699474617904798 0.37160487505070705 0.7650191631250891 0.36821638937362877 0.774602784869785 0.35427669243352966 0.8370693389063035 0.26341619194522536 0.8383348947331797 0.26428638172387764 0.8418739655339778 0.26672009363795723 0.8557252337632235 0.2465730856627033 0.8772070026432175 0.2613419619647743 0.9203166400131977 0.29098031824730697 0.9347875500066039 0.3009285482278301
0 0.33067527705725297 0.5343028097837532 0.3602783900130362 0.5552104328306768 0.3982354530014618 0.5820184295754416 0.44975799287772134 0.6184068441262411 0.4505634630925215 0.6189758636575107 0.45163101550133433 0.6197300708514604 0.4228846357814291 0.6604316278176157 0.4144698109116689 0.6544883213397839 0.36630371732439926 0.6204708215025221 0.3279173265366353 0.5933597321470643 0.301143291542985 0.5744500853371619 0.3258969227279067 0.5394015579934148 0.32988967126311763 0.5337478875832744 0.33067527705725297 0.5343028097837532
0 1 0.38751883908065565 0.9203807187891471 0.5033296925962532 0.8548755491929114 0.458295128794191 0.8356743439519505 0.44509361935411107 0.862338804238334 0.4063092993670807 0.8915888431381518 0.36376355522645554 0.9085396017644598 0.3391073237811497 0.9347875500066039 0.3009285482278301 0.9438989111720275 0.2876757757668429 0.990159301959693 0.3194799946796252 1 0.32624607264187944 1 0.38751883908065565
1 1 0.08752571880074811 1 0.2183835505064735 0.9874263421615979 0.2097470130715351 0.9862383216536728 0.2089306494647758 0.924544557656418 0.16655535486842155 0.9222037599674877 0.16494761837753913 0.9175977775457795 0.16178404920435696 0.932840196002644 0.13959292827337322 0.9786674142644642 0.07287282508326598 1 0.08752571880074811
0 0.4505634630925215 0.6189758636575107 0.44975799287772134 0.6184068441262411 0.3982354530014618 0.5820184295754416 0.3602783900130362 0.5552104328306768 0.33067527705725297 0.5343028097837532 0.359062174843757 0.494110038299425 0.39194740270841066 0.5173360314635147 0.42976733711589077 0.5440466284686636 0.4404787453190693 0.5516117687681685 0.47895036087902554 0.5787830921731256 0.45410445625657303 0.6139623402199845 0.4505634630925215 0.6189758636575107
0 0.19990459248697334 0 0.26543026729177654 0 0.2444995758855839 0.030551356658747864 0.19990459248697334 0
0 0.9571587322982396 0.24543632817574235 0.9610771494531036 0.2481276367694818 0.9464537319727242 0.269417810109303 0.9473437861720413 0.27002912163277415 0.9605318390690627 0.2790872974139802 0.9529705434961215 0.29009603113797766 0.9346081294336273 0.27748340564966156 0.8853174533269339 0.24362738432807873 0.8760016808660112 0.23722847775252376 0.8981863939193317 0.2049295706887051 0.9023470288477711 0.20778748410020853 0.9571587322982396 0.24543632817574235
1 0.6128000306380272 0 0.621588434772093 0 0.6201274386785371 0.002134341847579435 0.6187849883203853 0.004095793182216312 0.6128000306380272 0
1 0.9874263421615979 0.2097470130715351 0.9858294990626746 0.21207243185409652 0.9811972443426384 0.21881608224475713 0.9846440417059057 0.22118379301946334 1 0.23173115955592039 1 0.26597101274603574 0.9754589899480379 0.24911380913272296 0.9613084738348334 0.2393943403827734 0.9571587322982396 0.24543632817574235 0.9023470288477711 0.20778748410020853 0.8981863939193317 0.2049295706887051 0.9167999967839933 0.1778306563007277 0.924544557656418 0.16655535486842155 0.9862383216536728 0.2089306494647758 0.9874263421615979 0.2097470130715351
1 1 0.4681075117694604 0.9580026497787912 0.5291950905454996 0.925501894570516 0.5068508213397536 0.9203807187891471 0.5033296925962532 1 0.38751883908065565 1 0.4681075117694604
1 1 0.08752571880074811 0.9786674142644642 0.07287282508326598 1 0.041815123911419505 1 0.08752571880074811
0 0.8015882798242728 0 0.856418566119828 0 0.8389308273503957 0.02555449370305496 0.8015882798242728 0
1 0.9580026497787912 0.5291950905454996 1 0.4681075117694604 1 0.5550701003111271 0.9986003991277812 0.5571058830259972 0.9580026497787912 0.5291950905454996
0 0.187696944863319 0.3720547080584993 0.29433492158864283 0.21855207768743412 0.3036981123439091 0.21517640776556846 0.5866020638411555 0.4117092178241819 0.587108286171997 0.42109227299994245 0.5135426473373172 0.5269882174986265 0.5018155905338517 0.5289881160989012 0.3093588314193312 0.39528839067571653 0.2806425687240335 0.43662432752466884 0.187696944863319 0.3720547080584993
1 0.6540917531315245 0 0.7899278649479129 0 0.8523713506251624 0.04366507817570664 0.770343468626379 0.16096896717311893 0.6165652995182427 0.05366457117702339 0.6540917531315245 0
0 0.050849029173150484 0.7211308892108832 0.05348971553394222 0.7229769987486634 0.10958876159520514 0.7622021807147803 0.10726718753903697 0.7641719622903338 0.09783351013038555 0.7721760422056718 0.0882530923242939 0.7803044349465154 0.08818004251952516 0.7803659505715359 0.07604288154948335 0.7906640506691929 0.05580936722662955 0.807830113983016 0.04338257018889635 0.7991410319517627 0.042033711953081365 0.7981977923684553 0.02840287471371994 0.7886667152199607 0.015075130084824195 0.7793477388202064 0.0035166004622624314 0.7712661235858604 0.0011617054428825213 0.769619299041608 0 0.7688067801614125 0 0.6855767803241406 0.01763892191411287 0.6979100223488786 0.050849029173150484 0.7211308892108832
1 0.16205454105465833 0.5937691955259652 0.08685617500668741 0.5407004347837869 0.0713209165430726 0.5295494461770431 0.187696944863319 0.3720547080584993 0.27303001013024186 0.43415344992047267 0.27016120332700666 0.43822950086450874 0.16205454105465833 0.5937691955259652
1 0.08685617500668741 0.5407004347837869 0.1616335434962366 0.5943747399595622 0.16205454105465833 0.5937691955259652 0.1748581212955287 0.6028049437355776 0.14190561071632146 0.6494978662616404 0.1285970897201878 0.641213762094992 0.1037133786198865 0.6755356361184113 0.0897467685938409 0.6657027479348017 0.08983968281904708 0.6655701048684364 0.07503684476569106 0.6552194601744077 0.04906956156264641 0.6370640205585687 0.01283621764991949 0.6115536190285411 0.07082366524105055 0.5293860452981107 0.08685617500668741 0.5407004347837869
0 0.14934836055340384 0.15513010910018465 0.1267650775130278 0.18742965695173552 0.12607943460943716 0.1869503477069543 0.028659830605647585 0.11883589035016939 0.06955106074883588 0.06035119145695944 0.07854836169281043 0.06664244568872846 0.16765630765621609 0.12894559884625778 0.14934836055340384 0.15513010910018465
0 0.0897467685938409 0.6657027479348017 0.04906956156264641 0.6370640205585687 0.07503684476569106 0.6552194601744077 0.08983968281904708 0.6655701048684364 0.0897467685938409 0.6657027479348017
1 0.0897467685938409 0.6657027479348017 0.04906956156264641 0.6370640205585687 0.07503684476569106 0.6552194601744077 0.08983968281904708 0.6655701048684364 0.0897467685938409 0.6657027479348017
1 0.16205454105465833 0.5937691955259652 0.1616335434962366 0.5943747399595622 0.08685617500668741 0.5407004347837869 0.16205454105465833 0.5937691955259652
1 0.16205454105465833 0.5937691955259652 0.1616335434962366 0.5943747399595622 0.08685617500668741 0.5407004347837869 0.16205454105465833 0.5937691955259652
