1 0.999999957233058 0.29063829285667 0.999999957233058 0.2962112240090846 0.8899420962304703 0.44906537716656203 0.8154562861718659 0.39543336398298834 0.9222486927474165 0.2471140658059312 0.9281561151108235 0.23890877853375514 0.999999957233058 0.29063829285667
1 0.30718535697269544 0.3444087161965399 0.3066849017318418 0.3450610381366914 0.3028235146875886 0.3744059136249689 0.2411214204494172 0.369066229217367 0.2009978540429529 0.42424574484238065 0.15141177477880774 0.3881886175637419 0.19153598197272004 0.3330097427265173 0.16004510827474405 0.26536049728377975 0.1872741025781579 0.25268571538276774 0.21496318249364776 0.23979626958197287 0.24645405619139638 0.3074455150247104 0.30815615042979516 0.31278519943225547 0.30543280244796733 0.3442568494973557 0.30718535697269544 0.3444087161965399
1 0.46211374011068074 0.4523859393410703 0.43540634704436343 0.46468329725121293 0.40789540612649944 0.4773503896991542 0.376976115110665 0.4102009587095381 0.30030009248707756 0.4035656014504525 0.3028235146875886 0.3744059136249689 0.3066849017318418 0.3450610381366914 0.30718535697269544 0.3444087161965399 0.3821088250717821 0.3508922067564413 0.41398288985033105 0.3053354009296072 0.4630691546615253 0.3396790617368879 0.43119444909507365 0.38523586756372197 0.46211374011068074 0.4523859393410703
1 0.5864393813867537 0.5613429269712924 0.5888416947004771 0.5332302863462814 0.6418643187239468 0.5377612966001948 0.6639894385157277 0.5396522612811623 0.6958699111719397 0.49408968836451095 0.7450023127018994 0.5284679517108657 0.7131224808333627 0.5740305246275739 0.7446902490626144 0.6421199912616657 0.6904712742905303 0.6672568135272741 0.6589035060612787 0.5991673468931822 0.6413158044010743 0.5976646995949864 0.5837557622462555 0.5927453719582445 0.5864393813867537 0.5613429269712924
1 0.1872741025781579 0.25268571538276774 0.16004510827474405 0.26536049728377975 0.1324957200913559 0.27818458273304714 0.10182056921235016 0.2122878918150377 0.02475558841797465 0.20652656906111133 0.0291372951237463 0.14791243104031082 0.10620227591812181 0.15367311300644815 0.13714463529299792 0.10658290206890797 0.16711491963542358 0.1262762323098059 0.18754131107425565 0.13969817273948593 0.18708699255216743 0.1403889419452753 0.15659895169937954 0.1867883836770261 0.1872741025781579 0.25268571538276774
1 0.5888416947004771 0.5332302863462814 0.5864393813867537 0.5613429269712924 0.5112339666732169 0.5549158257342697 0.4725771634505236 0.6116492516783296 0.42262455358741136 0.577613168996038 0.4612813568101046 0.520879743051978 0.43540634704436343 0.46468329725121293 0.46211374011068074 0.4523859393410703 0.4904320736068257 0.4393465492044015 0.5163077241602423 0.49554299500516663 0.5915131388737791 0.5019694554544003 0.5888416947004771 0.5332302863462814
1 0.47526847204426304 0.8395819435728527 0.46953406237639683 0.8963973903502165 0.5127648086329373 0.9281259963072443 0.5318525944401244 0.9421355391132238 0.49682264994157777 0.9898639746601248 0.47981101647792457 0.9773782251483567 0.4347123738998562 0.9442789741717661 0.3902692572005435 0.9639716636249318 0.3677776068100229 0.9132110203958064 0.41099874125006863 0.8942296053567134 0.41611607230470327 0.8845030879413116 0.42166977982424214 0.8337206579283247 0.47526847204426304 0.8395819435728527
1 0.3677776068100229 0.9132110203958064 0.3902692572005435 0.9639716636249318 0.3450809043361005 0.9839949995624693 0.3434443323958476 0.9999999554543706 0.2888774098698832 0.9999999554543706 0.290779267942753 0.9814049354348526 0.28590095072286204 0.9738192899270075 0.22252191491543272 0.9280382083840095 0.2573564191472997 0.8798138031106078 0.32786037406253854 0.9307416919452862 0.32961741410167633 0.9299701834817142 0.3677776068100229 0.9132110203958064
1 0.14775608060563172 0.9999999554543706 0.1058479202865783 0.9999999554543706 0.11892447611330681 0.9805828047382192 0.14775608060563172 0.9999999554543706
1 3.4869799492298625e-08 0.47915933354681783 3.4869799492298625e-08 0.3452981296080111 0.04147630423835835 0.34937930685407537 0.032463624388128665 0.42567470154813236 0.0376661802149556 0.4339459899595681 0.09996933337242808 0.47914523621608396 0.06549110713558548 0.5266711828306825 3.4869799492298625e-08 0.47915933354681783
1 0.999999957233058 0.2329398405454981 0.9397518104233313 0.18955979074081597 0.9356450016666713 0.18660255522650004 0.9189403055404455 0.17457496896349767 0.9129194637434921 0.17024003976428048 0.8860236790756062 0.15087415206892274 0.8822827601302379 0.14818092111192982 0.9108625350327202 0.10848796408066619 0.9055926964908849 0.10469321896346173 0.778702622597848 0.0133316224465716 0.7798368169337664 0.011756566131452928 0.7883022640364743 3.309105522930622e-08 0.999999957233058 3.309105522930622e-08 0.999999957233058 0.2329398405454981
0 0.999999957233058 0.9999999554543706 0.9608811460352626 0.9999999554543706 0.999999957233058 0.9442879452004718 0.999999957233058 0.9999999554543706
1 0.8822827601302379 0.14818092111192982 0.867242830605619 0.16906996131376673 0.854923045123769 0.18617963530459747 0.8471265804428185 0.1805663345234052 0.8467356999090043 0.18028502869651675 0.8398901642644887 0.1753560892434507 0.7996858586002418 0.14640850216659373 0.7769500680728925 0.1300382972512466 0.7611251735418136 0.11864380929551999 0.7028186136458316 0.0766619583840793 0.7301783286525279 0.03866324419129796 0.815979809772216 0.1004415921730697 0.8519337702214216 0.12632941769390982 0.8822827601302379 0.14818092111192982
1 0.7769500680728925 0.1300382972512466 0.7669832552473963 0.14388059445172985 0.745659760944136 0.17349652316272568 0.7447133174218834 0.17481077885929608 0.7401957637109717 0.18108537260934554 0.6860415085027398 0.2562971952004318 0.6636959577215293 0.28733182801295243 0.6609014822981862 0.29121307947775676 0.5947369420964606 0.24357307264187966 0.5937212934961735 0.22818135063664613 0.7028186136458316 0.0766619583840793 0.7611251735418136 0.11864380929551999 0.7769500680728925 0.1300382972512466
1 0.999999957233058 0.2329398405454981 0.999999957233058 0.29063829285667 0.9281561151108235 0.23890877853375514 0.854923045123769 0.18617963530459747 0.867242830605619 0.16906996131376673 0.8822827601302379 0.14818092111192982 0.8860236790756062 0.15087415206892274 0.9129194637434921 0.17024003976428048 0.9189403055404455 0.17457496896349767 0.9356450016666713 0.18660255522650004 0.9397518104233313 0.18955979074081597 0.999999957233058 0.2329398405454981
1 0.4793765623762738 0.015250781789006851 0.4090930384506919 0.1131509766132126 0.3708316012762225 0.08568296847522561 0.4129922319727939 0.02695541102076504 0.43234466312514996 3.309105522930622e-08 0.49032570283861787 3.309105522930622e-08 0.480178187864567 0.01413452951032923 0.4793765623762738 0.015250781789006851
0 0.7838487891017394 0.2781358828632392 0.7708183699935489 0.29623365158067827 0.7356705205470462 0.3450482223814788 0.7222927944726507 0.33541590076686134 0.6991885509830809 0.31878040971866994 0.70040476615236 0.3170906523944268 0.7238396561263016 0.2845424788918649 0.7298662650130154 0.2761731499530242 0.7321583628320241 0.27298971635934777 0.7479563442773269 0.2843649806821986 0.7631641601954016 0.2632426937356058 0.7838487891017394 0.2781358828632392
1 0.8530557895899165 0.2631927122903335 0.8270519814843738 0.29930815125510435 0.8120748491601262 0.28852369324732763 0.8066871056705622 0.28939708696475464 0.8045103496485808 0.2897495202330447 0.7994410776759651 0.2967904961444674 0.7852508327214309 0.31649792371604235 0.7858557363672389 0.32245917225122867 0.8020087142317607 0.33408947010281054 0.774163282103018 0.37276357459495557 0.7589529030340145 0.36181187098168266 0.7356705205470462 0.3450482223814788 0.7708183699935489 0.29623365158067827 0.7838487891017394 0.2781358828632392 0.81456366882162 0.23547736007674303 0.8206216763087468 0.2398392023619067 0.8530557895899165 0.2631927122903335
1 0.7298662650130154 0.2761731499530242 0.7238396561263016 0.2845424788918649 0.70040476615236 0.3170906523944268 0.6991885509830809 0.31878040971866994 0.6609014822981862 0.29121307947775676 0.6636959577215293 0.28733182801295243 0.6860415085027398 0.2562971952004318 0.7401957637109717 0.18108537260934554 0.7432433502995082 0.18327942990094925 0.7697027585027172 0.2023313315936548 0.736972601276193 0.24778881531767638 0.7299034307031889 0.257606324594974 0.7257530483789196 0.2546183312681478 0.718528166380338 0.2646524268085386 0.7202480407293024 0.26924815662624724 0.7298662650130154 0.2761731499530242
1 0.4499157043035211 0.14245740483590907 0.452355183307418 0.1390593073423929 0.5201985874414277 0.044557210011646475 0.5257164108463712 0.036871601613256644 0.5313393234441719 0.04090856450386582 0.5641233068424754 0.06444469894393023 0.49108567712255535 0.16618193087754207 0.48832260029962526 0.17003050216658266 0.48824057946626453 0.16997154969260464 0.4499157043035211 0.14245740483590907
1 0.9781023170965 0.8199373132017627 0.9491310208725281 0.8611918700051433 0.8671454308660032 0.9779376328632452 0.8516518236069714 0.9999999554543706 0.7300296658920615 0.9999999554543706 0.842222631712275 0.8468824385272455 0.9122709865300749 0.751282671762965 0.9462231260156386 0.7751263843280185 0.9886490428450543 0.8049204520364128 0.9855655721419225 0.8093104889829874 0.9781023170965 0.8199373132017627
1 0.24444070104823368 0.0021133511249331605 0.24601191263673172 3.309105522930622e-08 0.30221348473969556 3.309105522930622e-08 0.28310327136068736 0.02570715646345434 0.28216387650400065 0.026970789927020178 0.2806394424219434 0.02902195154808851 0.24444070104823368 0.0021133511249331605
1 0.6114858525781983 3.309105522930622e-08 0.6005059543035713 0.015098274301976744 0.5797437900782825 3.309105522930622e-08 0.6114858525781983 3.309105522930622e-08
1 0.24444070104823368 0.0021133511249331605 0.24159816654309907 3.309105522930622e-08 0.24601191263673172 3.309105522930622e-08 0.24444070104823368 0.0021133511249331605
0 0.999999957233058 0.6688792881366226 0.999999957233058 0.8353149378762055 0.9991656515690011 0.8347292578632164 0.9781023170965 0.8199373132017627 0.9855655721419225 0.8093104889829874 0.9886490428450543 0.8049204520364128 0.9462231260156386 0.7751263843280185 0.9122709865300749 0.751282671762965 0.9424168467187428 0.7083556589049067 0.9794614279362577 0.6556047288918307 0.9800016120182136 0.6548351427916259 0.999999957233058 0.6688792881366226
1 0.9222486927474165 0.2471140658059312 0.8154562861718659 0.39543336398298834 0.8130270597721392 0.3988064707538115 0.8121075293361173 0.4000842015481112 0.774163282103018 0.37276357459495557 0.8020087142317607 0.33408947010281054 0.8270519814843738 0.29930815125510435 0.8530557895899165 0.2631927122903335 0.8843038047266418 0.21979343885277558 0.9222486927474165 0.2471140658059312
0 0.33256952331385037 0.050683781788961824 0.29462848001958264 0.02344581645695598 0.3107128935937453 0.0010413132017674798 0.31528299190108555 0.004322146535059801 0.316697210488428 0.002351724171830938 0.3183856862369794 3.309105522930622e-08 0.3689560155014533 3.309105522930622e-08 0.35599864619803157 0.018047820363221945 0.33256952331385037 0.050683781788961824
1 0.3708316012762225 0.08568296847522561 0.3290016170637955 0.05565309087103287 0.33256952331385037 0.050683781788961824 0.35599864619803157 0.018047820363221945 0.3689560155014533 3.309105522930622e-08 0.43234466312514996 3.309105522930622e-08 0.4129922319727939 0.02695541102076504 0.3708316012762225 0.08568296847522561
1 0.5201985874414277 0.044557210011646475 0.452355183307418 0.1390593073423929 0.4499157043035211 0.14245740483590907 0.4306946346418954 0.12865868120309187 0.4090930384506919 0.1131509766132126 0.4793765623762738 0.015250781789006851 0.5201985874414277 0.044557210011646475
1 0.47526847204426304 0.8395819435728527 0.42166977982424214 0.8337206579283247 0.42781493444681473 0.7775306200051091 0.3569752067448917 0.7276670796405824 0.39116315612636754 0.6790966489764969 0.45534573978511617 0.7242734676614191 0.4654323799220492 0.7268468713072025 0.5356665631902615 0.6959089974465087 0.5590732585026217 0.7490469632668919 0.4809323950587441 0.7834668778176592 0.47526847204426304 0.8395819435728527
